0,
1,11,11,16,1897,-3600,-466,
0,0,0,0,0,0,0,
1,22,18,0,0,0,4096,
1,31,31,31,0,0,4096,
14,14,16,
10,10,10,
14,14,16,
8,8,11,

7200,
1,11,11,16,1897,-3600,-466,
0,0,0,0,0,0,0,
1,0,0,8,0,0,4096,
1,31,31,31,0,0,4096,
14,14,16,
10,10,10,
14,14,16,
8,8,11,

8100,
1,12,12,18,692,-3584,-680,
0,0,0,0,0,0,0,
1,0,4,8,0,0,4096,
1,31,31,31,0,0,4096,
10,10,14,
13,13,13,
8,8,14,
10,10,12,

9000,
1,12,12,22,-513,-3568,-894,
0,0,0,0,0,0,0,
1,0,2,10,0,0,4096,
1,31,31,31,0,0,4096,
11,11,13,
10,10,10,
10,10,14,
13,13,14,

14400,
1,15,15,22,-1718,-3551,-1108,
0,0,0,0,0,0,0,
1,0,0,10,0,0,4096,
1,31,31,31,0,0,4096,
12,12,12,
8,8,8,
12,12,14,
14,14,18,

20700,
1,18,18,21,-1826,-3548,-702,
0,0,0,0,0,0,0,
1,1,1,11,0,0,4096,
1,31,31,31,0,0,4096,
13,13,13,
9,9,9,
14,14,15,
14,14,16,

21600,
1,22,22,20,-1934,-3548,-296,
0,0,0,0,0,0,0,
1,2,2,12,0,0,4096,
1,31,31,31,0,0,4096,
15,15,15,
9,11,11,
16,16,16,
14,14,14,

27000,
1,24,24,20,-2043,-3548,110,
0,0,0,0,0,0,0,
1,2,2,13,0,0,4096,
1,31,31,31,0,0,4096,
16,16,16,
10,12,12,
18,18,18,
14,14,14,

27900,
1,22,22,18,-730,-3560,-82,
0,0,0,0,0,0,0,
1,4,4,10,0,0,4096,
1,31,31,31,0,0,4096,
15,15,15,
11,12,12,
17,17,17,
13,13,13,

30600,
1,20,18,16,-730,-3560,-82,
0,0,0,0,0,0,0,
1,3,4,10,0,0,4096,
1,31,31,31,0,0,4096,
15,15,15,
11,12,12,
17,17,17,
12,11,11,

32400,
1,19,16,12,583,-3580,274,
0,0,0,0,0,0,0,
1,3,5,8,0,0,4096,
1,31,31,31,0,0,4096,
15,15,15,
11,12,12,
17,17,17,
8,8,7,

33300,
1,17,13,10,1897,-3600,-466,
0,0,0,0,0,0,0,
1,14,6,0,0,0,4096,
1,31,31,31,0,0,4096,
14,14,14,
12,12,12,
16,16,16,
9,7,7,

34200,
1,16,13,10,1897,-3600,-466,
0,0,0,0,0,0,0,
1,10,4,0,0,0,4096,
1,31,31,31,0,0,4096,
14,14,14,
12,12,12,
14,14,16,
9,8,7,

36000,
1,11,12,15,1897,-3600,-466,
0,0,0,0,0,0,0,
1,10,4,0,0,0,4096,
1,31,31,31,0,0,4096,
14,14,14,
12,12,12,
14,14,16,
8,8,9,

43200,
1,11,11,16,1897,-3600,-466,
0,0,0,0,0,0,0,
1,22,18,0,0,0,4096,
1,31,31,31,0,0,4096,
14,14,16,
10,10,10,
14,14,16,
8,8,11,

EOF