900,
1,24,24,18,-2043,-3548,110,
0,0,0,0,0,0,0,
1,2,2,12,0,0,4096,
1,31,31,31,0,0,4096,
16,16,16,
10,12,12,
18,18,18,
14,14,14,

1800,
1,24,24,18,-2043,-3548,110,
0,0,0,0,0,0,0,
1,2,2,12,0,0,4096,
1,31,31,31,0,0,4096,
16,16,16,
10,12,12,
18,18,18,
14,14,14,

7200,
1,24,24,18,-2043,-3548,110,
0,0,0,0,0,0,0,
1,2,2,12,0,0,4096,
1,31,31,31,0,0,4096,
16,16,16,
10,12,12,
18,18,18,
14,14,14,

8100,
1,24,24,18,-2043,-3548,110,
0,0,0,0,0,0,0,
1,2,2,12,0,0,4096,
1,31,31,31,0,0,4096,
16,16,16,
10,12,12,
18,18,18,
14,14,14,

9000,
1,24,24,18,-2043,-3548,110,
0,0,0,0,0,0,0,
1,2,2,12,0,0,4096,
1,31,31,31,0,0,4096,
16,16,16,
10,12,12,
18,18,18,
14,14,14,

19800,
1,24,24,18,-2043,-3548,110,
0,0,0,0,0,0,0,
1,2,2,12,0,0,4096,
1,31,31,31,0,0,4096,
16,16,16,
10,12,12,
18,18,18,
14,14,14,

20700,
1,24,24,18,-2043,-3548,110,
0,0,0,0,0,0,0,
1,2,2,12,0,0,4096,
1,31,31,31,0,0,4096,
16,16,16,
10,12,12,
18,18,18,
14,14,14,

21600,
1,24,24,18,-2043,-3548,110,
0,0,0,0,0,0,0,
1,2,2,12,0,0,4096,
1,31,31,31,0,0,4096,
16,16,16,
10,12,12,
18,18,18,
14,14,14,

28800,
1,24,24,18,-2043,-3548,110,
0,0,0,0,0,0,0,
1,2,2,12,0,0,4096,
1,31,31,31,0,0,4096,
16,16,16,
10,12,12,
18,18,18,
14,14,14,

29700,
1,24,24,18,-2043,-3548,110,
0,0,0,0,0,0,0,
1,2,2,12,0,0,4096,
1,31,31,31,0,0,4096,
16,16,16,
10,12,12,
18,18,18,
14,14,14,

30600,
1,24,24,18,-2043,-3548,110,
0,0,0,0,0,0,0,
1,2,2,12,0,0,4096,
1,31,31,31,0,0,4096,
16,16,16,
10,12,12,
18,18,18,
14,14,14,

34200,
1,24,24,18,-2043,-3548,110,
0,0,0,0,0,0,0,
1,2,2,12,0,0,4096,
1,31,31,31,0,0,4096,
16,16,16,
10,12,12,
18,18,18,
14,14,14,

35100,
1,24,24,18,-2043,-3548,110,
0,0,0,0,0,0,0,
1,2,2,12,0,0,4096,
1,31,31,31,0,0,4096,
16,16,16,
10,12,12,
18,18,18,
14,14,14,

36000,
1,24,24,18,-2043,-3548,110,
0,0,0,0,0,0,0,
1,2,2,12,0,0,4096,
1,31,31,31,0,0,4096,
16,16,16,
10,12,12,
18,18,18,
14,14,14,

43200,
1,24,24,18,-2043,-3548,110,
0,0,0,0,0,0,0,
1,2,2,12,0,0,4096,
1,31,31,31,0,0,4096,
16,16,16,
10,12,12,
18,18,18,
14,14,14,

EOF
