900,
1,23,23,25,-2043,-3548,110,
0,0,0,0,0,0,0,
1,4,4,16,0,0,4096,
0,0,0,0,0,0,0,
16,16,16,
14,14,14,
20,20,20,
16,16,16,

1800,
1,23,23,25,-2043,-3548,110,
0,0,0,0,0,0,0,
1,4,4,16,0,0,4096,
0,0,0,0,0,0,0,
16,16,16,
14,14,14,
20,20,20,
16,16,16,

7200,
1,23,23,25,-2043,-3548,110,
0,0,0,0,0,0,0,
1,4,4,16,0,0,4096,
0,0,0,0,0,0,0,
16,16,16,
14,14,14,
20,20,20,
16,16,16,

8100,
1,23,23,25,-2043,-3548,110,
0,0,0,0,0,0,0,
1,4,4,16,0,0,4096,
0,0,0,0,0,0,0,
16,16,16,
14,14,14,
20,20,20,
16,16,16,

9000,
1,23,23,25,-2043,-3548,110,
0,0,0,0,0,0,0,
1,4,4,16,0,0,4096,
0,0,0,0,0,0,0,
16,16,16,
14,14,14,
20,20,20,
16,16,16,

19800,
1,23,23,25,-2043,-3548,110,
0,0,0,0,0,0,0,
1,4,4,16,0,0,4096,
0,0,0,0,0,0,0,
16,16,16,
14,14,14,
20,20,20,
16,16,16,

20700,
1,23,23,25,-2043,-3548,110,
0,0,0,0,0,0,0,
1,4,4,16,0,0,4096,
0,0,0,0,0,0,0,
16,16,16,
14,14,14,
20,20,20,
16,16,16,

21600,
1,23,23,25,-2043,-3548,110,
0,0,0,0,0,0,0,
1,4,4,16,0,0,4096,
0,0,0,0,0,0,0,
16,16,16,
14,14,14,
20,20,20,
16,16,16,

28800,
1,23,23,25,-2043,-3548,110,
0,0,0,0,0,0,0,
1,4,4,16,0,0,4096,
0,0,0,0,0,0,0,
16,16,16,
14,14,14,
20,20,20,
16,16,16,

29700,
1,23,23,25,-2043,-3548,110,
0,0,0,0,0,0,0,
1,4,4,16,0,0,4096,
0,0,0,0,0,0,0,
16,16,16,
14,14,14,
20,20,20,
16,16,16,

30600,
1,23,23,25,-2043,-3548,110,
0,0,0,0,0,0,0,
1,4,4,16,0,0,4096,
0,0,0,0,0,0,0,
16,16,16,
14,14,14,
20,20,20,
16,16,16,

34200,
1,23,23,25,-2043,-3548,110,
0,0,0,0,0,0,0,
1,4,4,16,0,0,4096,
0,0,0,0,0,0,0,
16,16,16,
14,14,14,
20,20,20,
16,16,16,

35100,
1,23,23,25,-2043,-3548,110,
0,0,0,0,0,0,0,
1,4,4,16,0,0,4096,
0,0,0,0,0,0,0,
16,16,16,
14,14,14,
20,20,20,
16,16,16,

36000,
1,23,23,25,-2043,-3548,110,
0,0,0,0,0,0,0,
1,4,4,16,0,0,4096,
0,0,0,0,0,0,0,
16,16,16,
14,14,14,
20,20,20,
16,16,16,

43200,
1,23,23,25,-2043,-3548,110,
0,0,0,0,0,0,0,
1,4,4,16,0,0,4096,
0,0,0,0,0,0,0,
16,16,16,
14,14,14,
20,20,20,
16,16,16,

EOF
